lambda opt_counts opt_sigma sky_counts
9401.799945310135 -0.1400417761470002 0.9613228196336819 -0.2345206345994998
9403.947219620399 -1.4588787360838198 0.9922741145831818 0.21586386234697033
9406.094933030263 1.2560007938763986 1.1080144180295812 0.2159078496454806
9408.232332220357 0.7711877967109858 1.310219605141191 0.10073336998890452
9410.416582592037 0.2509114679540798 1.2658538904338115 0.20594620400257926
9412.603159504331 0.5194762531273529 1.1615335203727897 0.6021338200333619
9414.767944321557 -0.8979071971411969 1.3818168526590415 0.36909064418839244
9416.903570030505 0.05283370116783088 1.403071897771207 -0.3210581771963734
9419.037806139837 -0.5844273925438109 1.0649241734167307 0.2704556809607009
9421.194280977166 -1.5873091338765821 1.2771717050780984 -0.8603475286273577
9423.365730520349 -2.9699404010402057 1.1620859296598134 0.6192148501315762
9425.497405588425 -0.7005945418381605 1.4552248020857732 -0.6738236168714493
9427.696377502441 -0.40334801756179145 1.6647250631607633 0.4464400645387933
9429.84738599487 -0.19896136762556463 1.1070758939719851 0.09838722390071376
9432.028336987889 -1.2169557241629654 0.9634923299170001 0.16504484394038266
9434.179003917812 -0.09003539222526084 1.111751004103565 0.5218853612757066
9436.321194576169 1.8812374986382467 1.2733186589720231 0.3337173803572889
9438.462809850525 -0.21735316796579662 1.0268805539785735 -0.5302998374035014
9440.61065479206 2.3789848407604954 1.448013002012163 0.3534021370018367
9442.777464177767 0.0600452691330062 1.8497762672118239 1.2787578439229135
9444.951713761475 -0.7176427625217623 1.1875560848829383 -0.0849772527841975
9447.12291053095 0.17640714118334516 0.9512729246271865 0.03207586752546157
9449.283951874619 2.1303358365879443 0.8784745187093923 0.7481520482100557
9451.483284629185 -0.09844880615857152 0.9187314962689691 -0.02831110371516717
9453.669180480441 0.5658314679738995 0.9304546757045277 -0.22987612000936786
9455.847967879658 0.1784809997105079 0.9233042323211956 0.08465172837769307
9458.037754810104 -0.4713545781977537 0.9352237922177898 -0.447115674285982
9460.227702635637 1.6029042546037777 1.3210645164130543 -0.01910763049084376
9462.412117557908 -1.6341821935961436 1.4680735632958068 0.5664319222147465
9464.605056532633 0.022412860021426836 1.0369263422830732 0.6085230521499689
9466.768578304644 -0.2569367325687238 0.9502179106587684 0.4600395315194671
9468.96965056899 0.9604278541986029 0.9128754154354414 0.0384791963329339
9471.204120108823 -0.5654568433546459 0.9150586776803278 -0.009391781379839077
9473.372408523428 0.7661971721159359 0.905538716889947 -0.15460738247264214
9475.566897345967 1.1621334576117162 0.9102999047331799 -0.08760736319552487
9477.758733266823 -0.537018959141683 0.9074957410073492 0.02575646537911586
9479.941004691866 0.5921850952423802 0.9878205210653292 0.11118413493092845
9482.163938291314 1.4642183749109905 1.0057837243122196 -0.3396035739152029
9484.366637153935 2.113120097446481 0.8736927391034978 0.21814939261537825
9486.529036918084 -0.5998587173550229 0.93435428629725 0.46466403688646585
9488.7278558522 0.20520897094762355 0.9322368255283128 -0.05053025439780786
9490.866779893617 -1.549452191820876 0.9203763532716138 -0.07142884003182545
9493.078730164314 0.3721347478323219 0.9093970707680121 -0.23014827307470606
9495.273459380356 -0.9617816037153322 0.9208118553226584 0.12950919008042014
9497.451065378045 -0.38641614106612276 0.9352320533737433 0.48934059529480833
9499.611567767011 1.6512701655447997 0.9196410471348384 -0.16692990060466525
9501.74506608997 0.10312677538039913 1.0030597239454413 -0.5152534802133438
9503.983904731647 -0.3157004985763861 1.0313458813551455 -0.023583094727215793
9506.141290889014 0.6677375838760125 0.915664075671029 -0.3926887836744283
9508.291991514116 -1.22529785019725 0.8854753576665287 0.3289729719981755
9510.437809700494 0.8213317539170087 0.9006356094791921 -0.4871281001839256
9512.614758952985 0.906291925396557 0.8962120781204092 -0.10582392537657999
9514.749290373074 0.14884901785273819 0.8934852014272502 0.5861829581990129
9516.900559542355 0.48841365869874503 0.9045232220109947 0.0988902158942963
9519.056846186033 -1.4582135124552122 0.9158076161256442 -0.014900135552227389
9521.216241211418 0.31574679938686206 0.894289795424142 -0.13102990917028493
9523.390615926235 2.1836657077764214 0.8950919304639278 -0.07370988174295393
9525.557701000866 0.48949509918540923 0.8992045848341385 0.48015413517451605
9527.728985285146 -0.29155799908803975 0.8744897783551592 -0.3290897420435877
9529.886079609316 -0.6925721376672431 0.9268976329217123 0.19574362829072667
9532.037419893528 -1.499713240827513 1.2529259542759548 0.21759792084453472
9534.227155623037 -1.1172892841241415 1.1930919811803642 0.29184568399430055
9536.383985510849 0.5591468422536792 0.9220641459267527 0.028965774232947855
9538.54950720887 0.4783602046231569 0.8987437580900074 -0.09709105266179566
9540.690379868554 0.41637773866507205 0.957322514313129 -0.24630394796179353
9542.872399402333 0.6233022973838106 1.0333814008392095 -0.5081679033182509
9545.017157242428 -0.5790120554646958 0.9486371478091403 0.9178217907951794
9547.175820302766 -1.46139206900168 0.8873540346676251 -0.07884361506756649
9549.300539872544 1.95120103980532 0.8979500148403726 -0.22424241234791895
9551.449912284894 0.4922311098830886 0.9264238484129346 -0.15461304906763285
9553.602720729918 -1.4671796138455253 0.9200525270727213 0.13379293882417045
9555.728563551636 0.4536488715708667 0.9036432112008884 -0.036631682068390056
9557.873691942357 -0.17022140156046964 0.901735583877568 -0.5288737302759426
9560.03087414956 1.7024781259835577 0.8827005935281226 0.056494826850357976
9562.204115149365 0.5558847918044232 0.9026467789445213 -0.014924133558960526
9564.355610674153 2.572691685621578 0.8666668975763234 -0.7371803984643587
9566.530343566847 0.12467763546973488 0.8754580555380237 0.06282219134602866
9568.73787155876 0.2797916409681315 0.9193230659522023 0.34418398102510694
9570.872482553345 2.109500800921471 0.9099088282802876 -0.28605998759942625
9573.075275620573 -0.6248393492859093 0.8602735892276537 -0.008822917115714375
9575.2688653146 0.735919371627011 0.8484014695908021 0.7483971029902685
9577.440715281073 2.7918145320413443 0.8866444306853541 -0.294273309060816
9579.640470042263 0.12004659365508519 0.8736502011609184 0.3500702272065718
9581.85456300569 0.14701052507833556 0.8706452085349811 0.03738138579037991
9584.021110892198 -1.606407556901259 0.9124468852111361 1.3499865480043236
9586.212893510812 1.9767433138720898 0.9002887800572438 -0.6328182350250616
9588.39510557082 0.10911656320472195 0.8786593656202405 -0.11937385347075767
9590.595507044263 1.3014439247868923 0.8812153653664144 0.17171627153049887
9592.747242889558 -0.1903930428956348 0.9376386345643183 -0.05970606662444558
9594.967355889208 0.5841790697456535 0.8521711779098277 0.0490472762744191
9597.1570488272 -1.589441339821659 0.8950273186275202 -0.05541235661973413
9599.350574300119 -0.5401774377598758 0.8948458696264866 0.26476464061982924
9601.538494598264 0.9108211933362835 0.8796890252153741 -0.10085985255634618
9603.71776847044 -0.31069301370472363 0.8640460480144343 0.048291805645414874
9605.935529151198 0.7870557718936914 0.9051220350628428 -0.13608345071435596
9608.066867958645 1.0754491004992277 0.912574886080893 0.04778184153287627
9610.300216981357 0.5145609123684242 0.8939284258265836 -0.45421303738210317
9612.469454461327 -0.20058477281615827 0.9065347617749312 0.2736678565779661
9614.680072464027 -1.855150314304106 0.9578202142347532 0.17172143851540553
9616.852463579131 -1.4666019832372093 0.9378600991699243 0.04485051211354359
9619.056976979899 0.2556965290111114 0.8610534474627941 0.38235812499575633
9621.23976005558 0.9347257646931023 0.8927165608032345 -1.1207924150331772
9623.420884347772 0.27193951967185487 0.9270879608068601 -0.18184529285870235
9625.606139513162 -2.327905347331219 0.8907487980900058 0.5158129932038283
9627.806028774194 0.10430048599520006 0.889631838291452 0.669017705449336
9629.998322130512 0.9557099211635359 0.8718758955752887 -0.2928361746624123
9632.16726983701 -0.1623154598357293 0.8845704243401072 0.6768518005639804
9634.358952562134 -0.11507935529276898 0.8749573479392859 -0.39735668029280713
9636.52499241924 -0.8785055458986308 0.8874134513380727 0.6609237778471647
9638.706465036901 0.9703941582702477 0.882577477693109 -0.337403131500977
9640.855348915407 -1.5290426343079841 0.8734761868911133 0.6960090354176467
9643.062989080643 -1.560818023774774 0.9209211534727612 -0.05912069590486582
9645.177366852446 1.0498978796278668 0.8966819373607609 -0.04485180827340933
9647.357074158344 -0.4622910512811851 0.9070406341979492 0.1194602367046242
9649.48636728495 0.3941679740336236 0.8730609380705265 -0.5120956920474137
9651.635421854391 0.1680686441304665 0.8875656894068565 -0.20674870854678817
9653.763408646972 -1.822643163524706 0.8997670185834249 0.48533415763182075
9655.895540758964 1.3456136090048108 1.0949149034935783 0.25272485468243894
9658.05285118914 0.6485062406747736 0.9412890910082083 -0.054297124802379935
9660.200054834571 0.503306241286754 0.9612365835724388 -0.014009326902606284
9662.322775986342 -0.9260997967716935 0.9277976461983376 -0.026923852585528794
9664.522986379849 0.255278844915828 0.9138395796679607 0.25210804756031885
9666.661527490907 0.24935357954373635 0.8879262018524572 -0.1002441213529937
9668.83629646517 1.5669843526623772 0.9100639759539493 -0.13335718873741287
9671.012301304878 -0.12902350740607085 1.0557934166048881 -0.7914343686459364
9673.213342890469 0.5684913220927279 0.9717169384826041 -0.34659074731939304
9675.436760592122 0.5903228611746435 1.0272420326557217 0.06340533026450651
9677.580571361905 -0.31058062759225524 0.9185910537968552 0.40727408444970553
9679.770498312231 -0.889279447747153 0.9061964159634639 0.22935519242525476
9681.942740581753 -2.4499078078630228 1.069794193351905 0.45852013197345337
9684.11259304028 -1.6380561357547054 1.3215653630157338 0.17012651048001953
9686.310746663892 -0.3109244837753404 1.1470287926512748 -0.2020962377732443
9688.49204115267 -0.7744486009643446 0.9337566912999427 0.017128172320421547
9690.631169315588 -0.558209571234836 0.9885933781666446 0.81082305653158
9692.78026003547 0.4478216173768608 1.1064326677923835 0.2518741797573154
9694.919184309954 -0.9891194991868374 1.0440156553211435 -0.36172783590801827
9697.032694705898 0.5829430240187209 0.9740887908795458 -0.4189490385074269
9699.116721546616 0.006582449651839694 1.0419994702646505 -0.5483865909480363
9701.279098927977 0.2685125253832332 1.6461833884208705 0.9196169093341878
9703.382495093972 2.7267413491972783 1.521066995570077 0.46024314956325907
9705.556739353797 1.3817337895787005 0.966662873593143 -0.3116227224047838
9707.703990341737 0.9261663606190889 0.9630619038196394 0.5323395006179648
9709.86516546308 1.2428976743497608 0.9883321681695725 -0.11559871515184496
9712.021325816873 0.21683885570396366 1.0362982669554799 -0.11530730635889068
9714.199362413136 0.19903693479176238 1.369624876654956 -0.6310970589073696
9716.370645094728 -0.6936989032376885 1.1402441895577675 -0.20840032878945902
9718.555380636066 0.014784160762106697 0.9476981554047289 0.7520432067127834
9720.732941731927 -3.025768184028313 1.564404104349815 0.6752481773832919
9722.926715133524 0.22584479511692757 2.199921927991718 0.5731751555144976
9725.084177811084 0.9635733742095751 1.3319476519719846 -0.23323570899180557
9727.286137729978 1.72473854509419 0.9840327390320743 0.20279816762136357
9729.473491221117 -1.169357914127522 1.0083530719358227 -0.03503143508232996
9731.659564469042 -0.7952990902900784 0.9981129823021297 1.2728762990114775
9733.847445059937 1.4692134609002125 1.0004504271403116 -0.1594219635366969
9736.030232127327 -0.6140368835795503 1.1279711447558103 -0.12343335377374942
9738.195360873702 0.7327952002530718 1.242470580804144 -0.01952085517108131
9740.394901705538 -0.957194542262047 1.6189792659710893 -0.02950351526067273
9742.58682400152 0.16923749648561107 1.3665537477235314 0.513373598993544
9744.773625545164 0.35564688425106383 1.011215860921492 -0.2681531588918263
9746.95100153517 0.9923285929483902 1.1616735817809858 0.1780549312398576
9749.092509746295 2.015088591263417 1.3305357265867261 -0.3119290994075989
9751.321109665387 1.3827534180320302 1.041933041555473 0.1368279988877138
9753.492892301238 1.3380345822996793 0.982540158896034 0.00741738131200045
9755.67026676188 -0.6977255891555897 1.0404785233113594 0.18391928213390554
9757.870694361442 -0.48702111441331486 0.9812698476880092 0.27559785560581185
9760.055332052521 -0.03018289711988524 1.012037033838038 -0.48817195145074227
9762.232732060978 -0.48843604879378427 0.9776873585686675 0.5406307262320249
9764.443544123704 3.0639354900005604 1.0127339050077289 -0.5121850389245584
9766.603335601074 0.28182113446583396 0.9801038852416774 -0.1865085641090102
9768.789499855427 -0.7866223249612558 0.9905755485023982 0.6850503532061443
9770.970043234214 2.4478341114535356 0.9842296389682059 -0.19839681184627966
9773.149905981652 -1.0750983256397293 1.0076321355471605 0.3860056989780542
9775.327546085735 -1.0937723273377233 1.0193672604831279 0.9748096868897869
9777.544696323834 2.3817686121142754 1.0119373484241843 -0.6383329994259287
9779.70659600385 -0.45332005580088713 1.0265364039307732 -0.07749848496425715
9781.893277858204 1.4142167064751832 1.020811183461942 0.08730535374773539
9784.074689564934 0.6226776689279924 1.0378484550769402 -0.11813045779966411
9786.253143562557 1.693766569329626 1.0260658700219936 -0.2883478861424908
9788.433615514137 1.0671443688699938 1.0459960632732113 -0.31571919001842264
9790.625874615935 -1.0508312897529652 1.6742668304138488 -0.08766281706774026
9792.804165126341 -0.5128116391209951 4.128475187130448 -0.4187214449465041
9794.984601190814 -0.153407071620883 3.9952781653160705 0.5688090623601613
9797.16994633178 0.9781173995033536 1.7548932970230247 -0.8112440624710716
9799.47713508655 1.3308691224731752 1.799787639955716 -0.6119158845837179
9801.533277633313 -0.573110083704807 2.4089890296571363 -0.601585739002951
9803.716174548877 0.7489901338584106 2.3016337288075004 -0.4284102939004441
9805.9061582141 1.448880382583552 1.0927332615773893 -0.797407920885193
9808.083475359519 -1.3151754416400583 1.1389264602857496 0.4026213363905127
9810.26275542593 1.0652803604342893 1.3214521012443703 -0.23189474369984342
9812.447830918634 0.8539820016331539 1.3507563499386281 0.23302685752941799
9814.602315721944 0.9861976665775088 1.8045295340191554 0.9847338911655986
9816.810246512285 1.5660451973172143 1.4229094988392175 -0.9520468019144284
9818.98808760691 -0.04878604754403043 1.2809362612864068 0.4015506911162246
9821.173865394803 0.819475181379833 1.2739364841721967 -0.011821817623997756
9823.372894636386 1.9869699403692893 1.1122559304612216 0.19300140678084032
9825.52032475669 -1.3798238766565956 1.0923994668401058 0.2186836635812159
9827.714877298518 -1.4648658817884541 1.0893047118843902 0.13466808914344933
9829.877955930826 0.6095200445828352 1.2813615695328633 -0.6038321713777328
9832.074539781916 -0.10903355649822949 1.3387639906903013 -0.7198731468261192
9834.254791963342 3.2620067454176715 1.1116619251490043 -0.6946623906747507
9836.40848293838 -0.4769808753137561 1.082511970910096 0.6583751900856654
9838.580943929479 4.793958380881182 1.1115770107017566 0.0800010718630507
9840.7296600733 3.6989283241835094 1.001905730246185 -0.1364240342819947
9842.860498851893 1.0043002676432031 1.2079291080170318 0.11455752723992378
9845.018998919433 3.438365667003213 1.0551659232912782 -0.7004055539244827
9847.10420075011 2.6464638068418824 1.061914546794958 1.255561002698665
9849.25001862695 5.4696826659518365 1.7144847359600826 0.8141849485860607
9851.39389844505 3.870184310059925 2.576823902534113 0.402876585302982
9853.5368692368 -0.19909493135074077 1.6297364172700732 0.5023710649995269
9855.697278741634 2.118600001924676 1.0425401762994442 -0.36134032892389206
9857.844380418437 -0.6018544103762025 1.058606723940942 -0.33416275624911007
9860.01807092034 1.2357049253083061 1.0847400916128849 -0.19445912514764743
9862.169720240918 0.5110409918786244 0.9885504100698691 -0.34370766032265204
9864.322885460098 -1.5858022060266812 1.0640523890438784 0.10330743911098353
9866.491521363938 -0.2676098373549886 1.0457430816846556 0.212489303729949
9868.662562946705 1.9060171969986521 1.0699548415626172 0.7104859792827917
9870.83306015141 2.0859946390044612 1.158971042797974 0.05155358030951252
9873.001962939901 -0.8280371628599593 2.9255990190744985 0.7005204946115201
9875.165516811721 2.4863501820324916 4.639187266442086 -0.04454032028632865
9877.368380425698 2.1105361151474855 2.3868165964324692 -0.4662433753831968
9879.533907534544 0.31185967787379454 1.0860289833796442 -0.0436019304434076
9881.716325364214 0.5331188203891799 1.064715158496245 -0.006173037587714895
9883.887292878953 1.2977635530329579 1.0794716831138536 0.07479434938263693
9886.069473969825 2.122249599754455 1.1275433464955213 -0.07805783851724979
9888.252595152417 0.3232616393895043 1.2424419297684886 0.17298576543445324
9890.441377222991 1.6969564249282012 1.2305237207179898 -0.9589409826862725
9892.61347004387 -0.3296477059212254 1.0818784464211881 0.5470010536786711
9894.782910132686 1.016028280570674 1.3713227704683586 0.005688083252929792
9896.967095800037 2.2266521012227654 2.80730407459065 -0.26533616320716835
9899.134164390669 2.078016402319497 2.409292160197677 0.899279561262686
9901.319338365282 -0.11981605471477368 1.1523299753589342 0.06376638608689757
9903.513938793098 1.5228121562101469 1.1796349110692654 -0.461721878938394
9905.679856856275 1.7700180766818592 1.0831167546402927 -0.15409673045570746
9907.856991677294 -0.18509832333988488 1.0435452445801214 -0.6163369519855191
9910.03958806539 -0.3392399209298336 1.0673723690410708 0.3190590989550901
9912.207723619593 1.4920406619697593 1.1083950769808562 -0.3538850026643349
9914.393967514814 0.6405307809473066 1.5661417912519373 0.7978649362722025
9916.569661103304 4.481768562278455 4.414962974666278 -0.4209840877087187
9918.649614159904 1.833620980390351 4.729210268968182 0.00546729962143626
9920.863605528886 0.859176162179754 1.5429719074242707 0.5604226603285318
9923.083029358959 0.2488453172830137 1.1039205809685053 -0.5293644086500549
9925.270204202829 3.1760844913789255 1.0811051773288785 -0.5851258420196036
9927.454394774315 -0.7459092929594269 1.076714591044113 0.7816341354157408
9929.6132085032 2.998350756314725 1.0798046932913907 -0.7220323772423108
9931.787067353176 1.1730960989610626 1.1015959153464627 0.6159548203937838
9933.941776197553 1.4239993680074468 1.1033369448671009 -0.06521173182718382
9936.08475171542 0.3295836935490829 1.1111670327936414 0.4892831595200337
9938.24260952761 -0.2634084729822783 1.1634028861376744 -0.06977574150233988
9940.38440246524 1.1831385428458154 1.1773283750910863 0.500135256984321
9942.502079148075 -0.4629052376713338 2.070182858443938 0.5418986982187602
9944.677615030803 0.4588380968476839 3.4581900778439474 -1.7330059564504694
9946.793112546971 7.733116484063065 3.45937050129654 -0.024235618538176948
9948.938974264916 -1.4165480765198748 4.7248587556972685 0.06056794246746967
9951.080613487173 -1.0079022628627434 3.6652767435168356 0.11028754841431061
9953.210458008702 3.4030539166751193 1.836958798557691 -0.7477554410296281
9955.356850712427 1.7335664270795035 1.2215797733579983 -0.25713958136955006
9957.515335906102 1.2227461162860231 2.753556300673332 0.7506594939551041
9959.689037172144 -2.4080974624912446 4.355201084483168 1.3274276673476952
9961.839875457348 -4.892065750125252 2.6529365390446817 1.905440720833473
9963.997836165336 1.1609378437185 3.9839759641903694 0.9070717251759802
9966.164486485566 3.2784651229293473 3.4094527831645207 0.5748165070336402
9968.329939064302 0.2565000594781892 1.2276464336824693 -0.2065123332455294
9970.506385374156 2.1345339124494447 1.1476114676059572 -0.22108676549594225
9972.672044447798 0.59917028344727 1.4524684686993308 0.22381692327365527
9974.844602761585 0.4572708043935669 2.4570155606796247 0.049651956002407724
9977.020690545152 1.4028014271554066 1.969460359946191 0.1821764290518096
9979.194336037332 -0.4629190613708739 1.3420695843263517 0.4795939088427679
9981.368135712546 1.4660792355087724 1.49759234134073 -0.9145080940600867
9983.538702707563 -0.10431671713344248 1.311077597715938 0.30011950212329125
9985.711059660616 0.6946790393362893 1.117468781544624 -0.1307451411544543
9987.89783395476 1.178355516225946 1.1090265617632584 -0.11362359975463587
9990.070220707452 0.240331233200761 1.1033803417232875 0.36841000446481476
9992.244498759062 1.4484128339196525 1.1109921964223939 0.35821884433909457
9994.416458833752 1.1353543585297672 1.1279641449746072 0.6118017960705145
9996.580817522596 0.062235160158595544 1.095147140292453 0.2890150630452626
9998.753971889328 1.8280690748214419 1.1094263128337871 0.4294302707090559
10000.942402102999 -0.41731561417502655 1.5670114542999194 0.7790363052275041
10003.116388798564 2.7491439246777563 2.2758163300303944 0.8755830095716884
10005.126895738307 0.7898727833201136 1.8302973761838552 -0.6580716181595407
10007.424045833333 1.993225554443153 1.4499188408281112 -0.02402946800352529
10009.765035089442 0.834416182776314 1.3217639933968723 0.014742342717762405
10011.814431115256 1.3224766780876258 1.421301721512349 -0.5659507957917295
10013.999102193993 -4.181733237402497 5.225135290480463 2.7011966408847026
10016.172930077679 3.128235959236912 6.636765865129976 1.398631909176406
10018.345252366245 1.9868287197209356 3.173707301783961 -0.15719102288465409
10020.522727379866 2.101624868197768 1.2122709421356026 -0.11752708784371677
10022.697377406566 4.53704527401551 1.3476526312947679 -0.5479783332628215
10024.8697267092 2.0608024298223753 1.5154198434871884 -0.1346886618316327
10027.05169879167 -0.016194494745205738 3.100090508960252 0.2461815122697458
10029.223048425729 1.5197138390319207 3.4636250367594243 -1.0027087982014593
10031.387663180454 1.8487128006308737 1.470649801312414 -0.30590719481738904
10033.5744954153 3.0696269588188754 1.1639428413653488 -0.36203036781520764
10035.753044726447 0.6089418438258252 1.1517283598875578 0.29422267633310784
10037.91642918943 1.1957155101552546 1.2175070940683237 -0.4530110228258599
10040.106003649094 2.6824273868481883 1.3225389707395474 -0.4777138860805603
10042.275497927365 -0.187508791109289 1.2106395599919597 0.36034420560929786
10044.485093389016 -3.0380656077209904 1.8120840329006147 0.7693882780628739
10046.630690691833 1.0566994280119542 2.4307049596679895 1.1804193377031664
10048.799711332515 1.6628488337226277 1.4664513506086998 -0.41622628568207237
10050.979649337653 0.5808249671925858 1.1076503206194257 -0.05486278851754028
10053.15677950096 1.3791758522949198 1.0800473345112747 0.271139778228194
10055.328706783906 0.4987628928284806 1.1057202886718778 0.20946769340795351
10057.503348978711 0.5599913160697826 1.0899949947459988 0.6685129667294063
10059.673803063668 2.2042321600016663 1.261258946712133 -0.10395724472832023
10061.85131272174 -0.34335201334369186 2.450193776690157 0.1986071685675326
10064.022046481923 6.03654969876402 3.051718060276669 -1.235532297857087
10066.202381963763 2.7824987950389244 1.6554708042079147 0.18285469581145825
10068.364001529471 1.7944963260779727 1.48424414087989 0.06913266459166208
10070.545201364575 -0.8810167788897028 1.7422562449011763 0.772791071503069
10072.71793932391 3.248760788477195 2.0178775276783902 -0.3843833246421083
10074.898604902432 1.1893273464855936 1.9551524511638558 0.6939096643138195
10077.068643040424 1.8063731993192595 1.200526731667276 0.15072756508634894
10079.245471684542 1.12973493584207 1.1639976627960722 0.3988524838100522
10081.422701197283 0.7866037153988414 1.257588120712284 0.649256605871024
10083.593487560409 0.8285992291414738 3.6223189125977653 -1.4337786462109
10085.764779925232 3.1163091090678186 5.429808048364364 -0.4722878083178826
10087.930224718108 0.8356747070403199 2.2855870725211553 -0.4985874405075065
10090.113511048574 3.7306575461661087 1.2146666545745648 -0.3830104046559529
10092.282482006724 -0.18842742434924287 1.2174711309450075 0.49620367836036977
10094.447142623194 0.42608562899860053 1.1799758225886676 0.14924923161118014
10096.639843529452 -0.11721430797572888 1.1507139234698618 0.1614748551140507
10098.807258024635 2.4739509476271233 1.3544084632123519 0.3777386189584619
10100.989059272842 1.2345670285871353 1.3241461782180057 0.010848454609594427
10103.161165881424 0.28157887188392616 1.2882995782409117 -0.15821932633956537
10105.338729333214 1.581889927778248 3.0458909120343445 1.1867098753457332
10107.50647121081 4.270622220444338 3.171782066663972 -0.030372717041404148
10109.676328254282 -3.376711863701211 1.2517527622996674 0.9930989892685829
10111.84762256088 -0.5099923357412166 1.1550419540449053 0.4173552223099504
10114.01231082331 0.8175051268044022 1.14832629882653 0.03423756663279581
10116.203579985964 0.7931719901442424 1.120727228707928 -0.10758958344423364
10118.37067669192 0.5447019010082825 1.1370242947063798 0.17455491334294138
10120.551663177777 0.9574662156099497 1.1630922487351372 -0.4523258928076913
10122.714725710775 0.5875566396009874 1.2322878633972856 0.26436269761430337
10124.898733670812 0.6017704694762206 3.614105056110897 -0.5735393421104419
10127.062859466725 7.464937901724995 6.198412908328156 -2.8389731163214753
10129.219404692001 -3.332630219536629 3.193137182148704 1.2579260104875858
10131.412239462523 0.864222737286762 1.219102429913499 0.35213364820767007
10133.59360922684 3.2656347927894447 1.3745371056110676 -1.3790600456465871
10135.76309671886 0.4266353143142773 1.548079349559584 -0.06741129357405024
10137.93546234725 1.5422357115144758 1.2877814249476258 -0.8331570583982513
10140.10354859774 -0.5951236112096414 1.2154531359764975 -0.03416005526427779
10142.272726455823 2.4877965723629365 1.18156903817521 0.12569063282311232
10144.450020171507 3.24661712791415 1.3563827829166313 -0.2184775129583182
10146.62128674839 1.8983002719029358 1.7278735668596574 0.44558168603187764
10148.792532642941 0.7065591052865855 1.6287767008415635 0.11011973534839521
10150.968466841336 0.21955237604646957 1.7609250687994136 0.5405778769153092
10153.14399844895 2.415888511584365 1.8077931472146178 -0.3473479873116987
10155.313485301675 2.5263125556280395 3.484538975394387 0.049614699742852306
10157.481403347836 5.1161527999574 2.867261056261742 -0.30164094542428266
10159.65957206748 1.7119810354985736 1.9057734879400285 -0.34142066951133393
10161.828953377611 2.088671846983219 2.395914060818626 -0.927816841653771
10164.007151339283 3.500345261580395 1.5098953659486578 -1.1962320747490995
10166.175205312598 1.2982037499445374 1.813157792628919 0.647103774275308
10168.34908780337 2.448593080041216 1.83196167088526 -0.001198711288342834
10170.512166294877 0.7960869003706359 1.6025338782616743 -0.25675786591875366
10172.692501369474 1.8265766914539643 3.784024810934818 -0.29622660083666674
10174.865642023513 5.773796685292097 6.62001424692522 -2.1972336861646693
10177.037912827143 2.300398902212027 3.3673139602838735 0.689517710617531
10179.212572324739 -0.044650777664846125 1.2995628371346617 0.5908906052188214
10181.384115924786 2.1421067422146582 1.475607588732504 -0.081875825852074
10183.550615128122 3.2884458132475314 2.664246390305218 -1.8038779756348626
10185.736410606416 -0.12033139591056517 2.1776520096018723 0.5120286950307966
10187.89174514994 1.0725442539343408 1.4601038344597264 0.55802322715904
10190.054483057866 2.937069024693441 2.1639652089198775 -0.7441069959275328
10192.240779639049 3.646638750837308 5.390710574978648 0.996697360791324
10194.413090204205 4.740698310520138 3.757605200747345 -0.665755646587776
10196.608096790584 1.0065981169101836 1.392291563000377 0.4136864483675582
10198.757219871199 0.8869275332919387 1.3902041228544606 -0.1897546364894031
10200.932963773255 -0.9901734730261137 1.3124094178648031 -0.10582652421672673
10203.101660673698 3.3491302816897535 1.5186906738682193 0.48676832353166444
10205.27180221564 -0.41383851128606536 3.2531084017031735 0.6929658382312088
10207.449272070808 2.2302711880186408 2.820686322413053 0.07160868849429339
10209.618903375667 1.0330260490495649 2.035879930796128 0.3607844521715634
10211.786345444263 -0.37393747015522544 4.203031699606847 2.485687843616772
10213.9585233625 1.3715325055250913 6.251187790790154 0.5863369720074308
10216.130792695456 8.85089921874985 3.383038464481723 -1.4643434727997786
10218.302406971083 3.8971239526066777 1.2421597727220546 0.12542241049328498
10220.47522624873 1.5841152625105568 1.2273586735240827 -0.15794263024832933
10222.641861632395 -0.9385343510950923 1.3786510196796404 0.8052485321560932
10224.821040341056 1.1614707854929807 1.3713982936264972 0.7361918264553946
10226.986155169003 0.8896592951002426 2.981760731961334 0.22085701566908866
10229.15597368398 -3.1161182674154837 4.233287969129309 -0.2980381155819031
10231.333324516801 -2.089501346339975 2.519101470494765 0.8350511380395033
10233.497178695789 -0.3286440170967352 3.649624718169462 -1.2083810379376743
10235.65656656231 1.8649516527017087 2.3779660908818077 0.3290352273105326
10237.84049169932 2.1910547759528782 1.3063358113059547 -0.19547646006920036
10240.010002247527 2.1654932598986765 1.1952156246089147 -0.2572902206177184
10242.200919040899 -1.1170202211542306 1.2416242023258945 0.5498088771131558
10244.363924018768 3.073464808801005 1.258811872848885 -0.4693703748003678
10246.533157758568 1.898348643581684 1.1940696070140278 0.16794254381297782
10248.701592900155 0.721156534970571 1.1564563528509928 -0.42003618462506737
10250.868780772458 -0.4286693031768976 1.1640394655038997 0.8177626114961133
10253.03446918299 -0.3114486157505038 1.1661519291063955 0.3908863302825579
10255.208204942472 1.1129522153404687 1.1957942691557581 -0.4154705406084861
10257.38578675715 1.36159258524629 1.2394551862709386 -0.1899198250014317
10259.547672575269 -0.937116110783583 1.2884385619093972 0.8314921756421931
10261.722700901986 0.8150766870818109 1.2204345505907397 -0.14667879539502302
10263.871582046791 0.17470941613864 1.2544558228219678 0.11945747381025473
10266.074569879394 -0.38616085114370174 1.303680714191563 0.7840371490062313
10268.238735125993 2.5887661863573976 1.3277928933220475 -0.41273562893141014
10270.395473824157 1.793197922043704 1.3931671499884382 0.6672775455451775
10272.582573591493 0.1511978375112262 2.0288286704256553 0.008526516061033614
10274.750791643493 2.564024595035446 2.329320430810228 0.06499429656176887
10276.928367414905 0.12986266774479366 1.4260242728848498 0.25995721527502585
10279.097780666621 2.161242082324834 1.3138041531085762 0.3834839796506371
10281.251176281512 0.04665382198796935 1.2832292470058448 0.5305840119576918
10283.442378914262 0.5856105282412769 1.382597361423271 -0.0763059824817465
10285.58645228399 4.9172216781527105 2.1980592081373094 -1.6502129712774196
10287.779617327282 -1.4832470006535257 8.088188533337306 0.3850408587841215
10289.939640384117 -9.938096938056203 11.131724974944644 3.188016529750482
10292.111297656806 -1.6809425253483596 4.1173709247987205 1.1500485327731138
10294.28032927491 2.5672695801450627 1.924131555789349 0.9985776281604628
10296.449089480198 3.790267803556931 2.8539434065186344 0.21941351091094088
10298.622837314924 -4.050724110824671 5.7327150638587225 -0.10280714990265981
10300.790964642914 -1.6589876542342028 3.9196579754971417 -0.6410285848584093
10302.954823546173 0.736580242663725 1.3391410650367304 0.31025768572575013
10305.119288251535 0.3536984205024632 1.3980710194942512 -0.5734513960179666
10307.307814372374 3.0287494654633424 1.6049420594567583 0.18532897259750802
10309.476736683831 2.5868075069730985 1.6121775186124316 -0.3770133824043292
10311.642290950556 3.1393018461837934 2.971615523447748 -0.5364573618757059
10313.81681403149 2.1152122924498915 2.741240952345408 0.4146986672634071
10315.986402011133 2.2241811917722987 1.261350481499726 -0.07263892656517759
10318.148771946739 2.629577001151587 1.2620056878682469 -0.5295809716436735
10320.307594709802 1.4802982848171304 1.2055715670777845 -0.35960101931806004
10322.486448909915 3.500548737270378 1.2919061000964074 -0.93207242735332
10324.665284814788 4.820162774806681 1.3929021415297118 0.06227848609851886
10326.835202772012 5.615406073319415 1.4630135870440173 -0.6425195384808691
10329.00342317183 1.5803065745033853 1.7794632082126698 -0.5287494394751392
10331.172173840132 -0.12596860556821224 1.783598953322523 -0.45558716456523285
10333.343725514174 0.8688529803190921 1.2654736310221475 0.37071477959699184
10335.518180544552 0.7222136301503498 1.195824584129356 0.34213935876853524
10337.678148861241 1.5467968422762661 1.1845979493785468 -0.2722027629171174
10339.841367149822 1.2725259609098847 1.218046787781488 -0.020658701397759008
10342.0306258304 0.09162970835710063 1.843026224039552 0.10845924257816282
10344.200296800576 1.015595380344631 1.7616488126974081 -0.6587867209568797
10346.348950178912 2.887335685670624 1.3981550443344855 -0.42659515593112723
10348.53059561433 5.608300267055156 3.3232555595452378 0.5467249274913767
10350.701074767676 5.999561446514342 4.621112837630073 -1.1630777392097469
10352.885460167727 2.672158280641788 2.086249219985088 0.46784010410075916
10355.03399970922 0.9359950586346729 1.8232572227133945 -0.30237344965489305
10357.206129657157 3.4629898045320875 2.2838047003911672 0.5669649123005085
10359.379892420837 3.784541436460298 1.5226070735602202 -0.8378549884616605
10361.590526879376 2.0171057284760194 1.2639735365866152 0.37196236996090704
10363.723541694935 3.18172902685333 1.2391970833221653 -0.7197118140827988
10365.886987033206 2.3085992053107627 1.2297615488269544 -0.11991718668727351
10368.057826728844 1.8490553063789241 1.1778526043900628 -0.09345070797934117
10370.23613170825 0.31691892890647216 1.2096581245465359 0.5368563313927418
10372.395483957507 1.18434098570008 1.5715743777365216 -0.05242582261522038
10374.565585306456 -4.945919403067538 7.498359246321476 3.8779571062975444
10376.737782119577 -1.7363585426067631 8.375486219407623 0.5856245026614602
10378.8999850977 1.6034702887448165 2.0349167328435165 0.7754192917004828
10381.082519234862 0.5207302588596611 1.3072028073645021 0.2677776103017819
10383.244715939409 1.98905112089023 1.2720838280824407 -0.25303931563280596
10385.429135976688 4.928751039495726 1.2681125982347643 -1.2420908122576613
10387.585783828128 2.4438995534138352 1.247284079079275 -0.030681500820347766
10389.756099919567 0.23523779857991844 1.2554301913983046 0.3209528956361333
10391.931749521558 -1.0732754906875632 1.2367208543622492 -0.31395677166977365
10394.100209890295 1.991683523028979 1.3553523150953808 -0.4289087671684126
10396.2689701353 3.152929755246268 1.463657084440288 -1.4300942773379919
10398.434813561871 -0.5466388071243046 4.656079755197333 -2.078546677170502
10400.619333216624 4.3977989911859625 4.68247544419189 -1.1350912040859824
10402.78441664451 1.2099427375159002 1.4776203371836758 1.1316937383217751
10404.955693306718 2.6280443857923688 1.3492121101717878 -0.8946556741336104
10407.139477037666 3.263216865434166 1.3517465140462739 0.08430898273466317
10409.295365941218 2.8329597171315513 1.3642282880459968 -0.617146359605902
10411.464835150697 1.19397215732541 1.568542621175677 0.13780275771527645
10413.641856900034 2.7544081244072722 1.4224143276202654 -0.32371804275171695
10415.810300557292 2.539644531080208 1.3353219207409917 0.61495371829414
10417.983845822537 2.9793523352775573 1.989577288290642 -0.3521905508068304
10420.16713076703 6.946294219206791 8.29559770743513 0.6577158004835358
10422.329214497719 3.8506561180882337 8.457002068156923 2.4681754569021854
10424.48976928864 0.7051123396113689 2.2239563426464235 0.6763700217836222
10426.67796120051 0.2350691289823306 1.7850490244948984 0.3552405374722839
10428.840226548142 0.2940306570854701 1.4742181450932301 1.0773693973791538
10431.049205964122 -1.6927339912589585 1.8799659803543458 0.08854479424448342
10433.181637449314 1.7617495442224886 1.7033370159100047 0.6864408701093851
10435.379179292815 2.4743681063652514 1.3206418546770171 -1.2009150686688077
10437.561981139123 1.4970057891502926 1.2478686038064726 0.4388399641669815
10439.721000183015 1.7286951465442981 1.2231321353795217 -0.07712587518219105
10441.890902506684 -0.5381598893321736 1.243616938801891 0.5533696451675711
10444.081320054996 -0.12425948414129373 1.2452680837425794 0.2623652325715405
10446.254986772758 2.931886247557941 1.2410961228000712 -0.39956133657291115
10448.428342334491 1.7171026897965993 1.333161932138285 -0.11323173328097155
10450.609295533877 1.5273758587315998 1.7725062688688762 0.40196310099668636
10452.806105931317 -0.4474299772061525 4.533091966097171 1.1939790615893167
10454.996162433568 0.48158643176346294 3.6826760320783336 0.9586268822309991
10457.192771417122 0.26077589031554693 1.2868023687784462 1.015104527224126
10459.374271844588 0.7199651832319465 1.2567483705348939 -0.11237774732997294
10461.55542372398 -0.1492985501591929 1.2120355219159267 0.3889460156573708
10463.708024323174 1.0498545841730074 1.285785473688215 -0.3411643891276093
10465.912120550485 1.411950877149506 1.2973713253366665 1.1466734907265574
10468.095137942548 -0.654636152656773 1.4312902179878007 0.186835129962162
10470.292736803958 6.250823588056762 5.535780487288004 -0.6663871693927622
10472.47911030876 -3.5941008647108355 7.2846518957316375 -0.982547895676244
10474.693390700872 -1.7512048525493293 2.786886848837052 0.4552683278485678
10476.879191002203 1.8719202150318106 1.3377404766899548 0.6378748930556286
10479.07597223963 -1.0435034800666607 1.281631799670297 0.5037678928221666
10481.261147026085 0.95778618876092 1.2647030016405456 -0.021074833668454113
10483.443502716229 2.2185306715131667 1.262470917447772 -0.7784857883168523
10485.619777225842 2.3683570674628993 1.3236189931830904 -0.35299837909557946
10487.76966920518 0.11536547785428826 1.4454884800169765 0.055249354378882586
10489.961702919974 -1.1093736298839476 1.7354527216676872 1.222367644799651
10492.166410986765 1.410239565819884 1.4357846439613122 -0.5280622433091179
10494.328772840418 1.4166428939558602 1.4400693784979757 0.03586329980270647
10496.539120903035 0.23429199810283413 1.2628885268417847 -0.39507294603221954
10498.720200549446 2.9495945253471274 1.3053114076728936 -0.7624650638471185
10500.894405927394 1.2531034180029919 1.4551109169701182 0.3489455960562513
10503.071890249174 -2.4411690992935378 1.4071948324436436 0.42659401634332494
10505.246159381983 2.374662738232465 1.2799597624408896 -0.7111220334537549
10507.418163527807 0.5513308591039735 1.332850325520915 -0.13229605566028277
10509.592097088187 0.9071318718257252 1.8826285939249159 -0.0446193590810185
10511.763185121466 -1.1811373535420149 3.547487455567925 0.17403224982959467
10513.950305556262 0.2112710905733186 2.807193885231511 0.44959737265628663
10516.123576432672 0.6253623971272672 1.619030626261868 -0.4100009248043595
10518.273509563307 3.008198687005533 1.732028600602039 0.48511483443623743
10520.451105302074 1.8462574581915605 1.3994207889945895 0.1765255001969299
10522.624299064712 2.343934422297874 1.3180316279074193 -0.16059334347882215
10524.790018120962 2.568509821893306 1.8058053567658738 0.6811999330193047
10526.970448182487 0.9514422483867084 4.759985305517345 0.3189036527974485
10529.145397232867 8.437312237472158 4.2513060280799495 -1.3416534715175228
10531.308365031162 1.529210381471653 1.398362107366649 -0.5671467092550578
10533.488704397925 3.022437121670323 1.2365839471899136 -0.06528298265960268
10535.641975684355 1.6924577453146605 1.215152665747136 0.40828510758389536
10537.807244863907 3.395269858696762 1.2136747195498117 -0.9227792561615205
10539.978139568346 0.03708895011005601 1.225933560879916 0.22048151647187733
10542.147670937615 -1.4212498952635733 1.2144900099610911 0.4961634255680933
10544.32111346226 -1.4637925660217472 1.2312866584689115 0.98991986648023
10546.484193228536 1.1000136768310715 1.1929919288290187 -0.44467659728997233
10548.64912417792 0.2397139522999803 1.2325705269603597 0.9135407171100512
10550.86106576463 1.7689938791822202 1.279661572658027 0.174981447055375
10552.999018388315 0.17079094404470896 1.3226344817690052 -0.8296285138786585
10555.163143968957 2.808129660705941 1.4913963551427387 -0.4609861942472117
10557.330348469914 2.0093081276484983 1.3760400359101401 -0.09231480193098564
10559.489012392836 0.7816528343839148 1.1948487161719743 -0.020994169261993753
10561.668763551395 0.6273160597562706 1.217844957197066 0.40605279166211944
10563.841853132311 2.192372298767148 1.203896342648165 0.8157973571794099
10566.001507146704 0.23841205428542633 1.2157558328564737 0.2318813944547451
10568.177593842987 2.2954830537147766 1.1108084980039252 -0.5802050394681597
10570.345969073087 0.23090881265761443 1.2511022788422197 1.2803266909694226
10572.517050353998 1.2550018433708108 1.249424571379642 0.11463485309026247
10574.681675884187 -0.2330647720236459 2.3254366011700354 0.7688927978914638
10576.858300981565 0.9914772741356203 2.1530975907020853 0.03972233522252462
10579.018670922984 -1.3689421415305374 1.2620130434280181 -0.24793917119591297
10581.192942207254 1.4994623544833177 1.2461546894416509 -0.5348939124971089
10583.360137102542 2.6019243051713143 1.2663539913289354 -0.005245349335040273
10585.526095013409 2.4763135471006055 1.3793195357808035 0.2880265839524317
10587.69536027663 1.3617052560856016 2.7882459941368642 0.06179153216585662
10589.86878455305 -0.23405388981490374 2.938686634671138 0.1257573126546138
10592.035907927446 1.2073988065750214 1.5163913719758533 0.48257437254157476
10594.199664645299 2.477273541032858 1.2625944912766496 -0.4262630582029961
10596.378795471031 1.1280960172318457 1.3127600073372057 -0.028686822622419998
10598.580459442654 1.807861797942059 1.3985928155676155 -0.07669449838799121
10600.710916384916 -0.33038343688695093 1.4079101083004029 0.25492633709818696
10602.882578604218 0.7054382160768002 1.426607704549824 -0.0234796215496775
10605.060804525938 2.2844347551750457 1.326268620098434 0.27125784773750117
10607.217000825942 0.28916778144713573 1.2499670705326047 -0.21243741512420464
10609.384849257132 0.7231748587458114 1.222358582257426 0.26340162043122994
10611.558566127913 0.15414662363925727 1.2667146411443249 1.2797481199927097
10613.725243116112 2.775476902712104 1.269245913421036 -0.27631855459402316
10615.875800335032 2.9073934394295318 1.2598675753490034 0.03139241822169068
10618.076118094772 0.8414931851437575 1.2623632343724938 -0.38702889171675325
10620.235845912723 1.373430476874094 1.2328854962683864 0.10544441007027296
10622.415613456591 1.4586919238875735 1.231047437673837 0.13896003611559796
10624.574715732624 2.222800054036419 1.2921225312304103 0.14158402234014847
10626.743073035825 0.18996776408815638 1.243256956894413 0.8893175556468204
10628.909027945445 0.021165879964790482 1.2702913511887193 0.915529930721561
10631.052410419656 -0.7409621041403374 1.2528936800488368 1.0971985586146422
10633.251850131837 -0.11579863928842635 1.236752383547657 -0.6998931481662456
10635.447339120654 -0.529621427855119 1.3410528042341927 0.9375532586200406
10637.583113169403 -0.36761203989798324 1.2027237546948497 -0.37164112496298163
10639.748491243006 -0.6610315026402322 1.21709360689903 0.9295857056754797
10641.917118863448 4.068903690789117 1.5154546835289304 -1.6901866859768284
10644.095903836067 2.6334438661804587 1.905275852111784 0.38407825459878864
10646.256527768166 -1.2024393949340453 1.4320619230656453 0.8283882339438496
10648.428535157427 1.4988189699723318 1.2447839449946998 0.2355544480907604
10650.603638086672 2.1222213241688754 1.1911006076488755 0.3251924184572827
10652.774231797619 0.1809695764758288 1.4408201298266863 0.26425859870860285
10654.95618833867 3.004242244401568 2.0781132024694964 0.6612854644245987
10657.118404468216 0.805220609648548 1.7139066705083554 0.4313944835064693
10659.259057795001 2.550684914164541 1.219655644072437 -0.007432258753085034
10661.45869823882 1.07430066549648 1.1503721312078872 0.11698788480206426
10663.648806912071 1.4252536860361869 1.1983492386609431 -0.3054941752189955
10665.774957801246 2.822214535658243 1.2256883006998522 -0.6804308514842328
10667.98813596707 2.8644862737010355 1.3236465459346838 0.11786376351503215
10670.147787502312 2.1266979317679677 1.3196105088381447 0.31111592205873356
10672.310539807633 4.329807076910976 1.2192899596585995 -0.5629802158597039
10674.50451668614 0.18511750993760373 1.2047722364818942 1.3482700063972166
10676.662668931413 0.5753979175196 1.2177641097546577 -0.2467198950852896
10678.84298869016 1.5004469980215795 1.209431367052731 0.28631147321662864
10681.022874493838 0.8227297590546486 1.2065500936682598 0.11959304554620317
10683.195618829057 0.8716410250721647 1.3377033290346645 -0.031114415061449015
10685.37848172125 1.6005721572247134 1.766733305778448 -0.1888303986262372
10687.560850020924 0.2869639931135318 2.058446002175492 0.849897620360556
10689.82827930452 4.067985139886891 2.7536380120937305 0.05762961782370843
10691.900583632178 1.1091643516736034 2.2503930766792988 0.05461910329984643
10694.07868672341 0.2484144020230937 1.947901183873142 0.4762561293612107
10696.22386645822 -1.5184741027330588 1.8680729372209577 0.6650054744140607
10698.435803826418 1.7973426476307284 2.3946984208820727 0.8685086592729184
10700.61671094029 2.3858200923325104 3.0963799573866324 -0.3574503000421848
10702.800897262343 2.261334567068567 1.9718134868612582 0.46700580150123583
10704.997986131124 1.8513792268480382 2.297996939876948 -0.3619569889321868
10707.17265304756 2.1063353745638937 2.372335225954563 -0.20767454706904276
10709.356424250178 2.093710526120812 1.4798423366954987 0.5870884712146744
10711.487857308755 -2.652370946534761 2.5589258877450187 0.8900813262455449
10713.696273436102 5.362920298303568 4.799801255290128 0.0002728259563670633
10715.91738910514 -2.473535660100541 3.0940335446864338 0.5356514082738917
10718.099132951515 -1.0806110967365992 1.9643555396506232 0.8256133409883027
10720.273794858622 4.0095550273123015 1.6313635718892958 -0.1897236078001311
10722.442123523904 -1.7283372046573653 3.0054496636214174 0.43642838711488935
10724.652094740268 1.907439511122272 2.963667537648727 -0.34239791234994027
10726.857765988152 2.830640347280407 1.7225000051991803 0.11528536240835244
10729.0314516853 -1.9077172946790426 2.27253797491856 0.9676931644855304
10731.210911770613 7.312283127116732 6.341866559621053 1.9643962698392492
10733.401409221347 4.29822910462452 5.122811805532844 2.4637804950531517
10735.601864075445 2.905422083012852 1.389456788327124 -0.14967342040443535
10737.756983907038 -0.6364040537851238 1.4167487544420552 0.649800067208353
10739.97449560586 2.685296771861042 1.633871387746699 -0.08799673108947569
10742.145336138588 2.230296610778026 1.3457562061974255 -0.5529696848176867
10744.315304281783 1.077240805654087 2.6413732288532468 0.06350579155214713
10746.49715216992 0.34786679186917363 4.197077421505592 0.14263028882414988
10748.687731054715 -2.899927305140729 2.2834322859961342 1.8526990762198385
10750.861854398741 3.9154865724538133 1.7825866772504417 0.5432744405847707
10753.028921860176 -1.7765234805898193 6.682753773015111 -0.27145164055702425
10755.223204387687 -1.9971959485715116 6.585841030995718 1.1013453828327064
10757.406569182906 3.081630161792108 1.5926870958764807 -0.5922040032017235
10759.573153328682 3.2284363793619644 1.2739651049947844 0.2924250463115031
10761.740394479544 1.634588830291944 1.2569778453948943 -0.3215835121222072
10763.920442552526 0.4412424074422456 1.39965059681222 0.4764830570153842
10766.089959357107 3.7613313928145584 1.5593864860043194 -0.42683244115590435
10768.265837669627 4.4006092188373955 1.2996411899440938 -0.2635173113288486
10770.42652283763 4.663899395582391 1.268963513473446 -0.43569852904906775
10772.599442449507 2.3472192564590073 1.8353483652954103 0.8163947492467097
10774.765905909519 -1.530517957100354 4.310686924899397 -1.0687650649927827
10776.937783095724 0.7530573314159498 3.192246215001221 -0.19199266360822928
10779.111328499444 0.6961125739971533 1.244255573304114 0.3140981278908216
10781.281730768842 1.4126751845314214 1.2563508862661474 -0.08302680203531945
10783.448574824035 1.9892443294611335 1.3007308753725662 0.6290558829712269
10785.605747031268 0.4215620607794932 1.2661999088308435 1.0196972795079475
10787.77812681593 1.6566686396554309 1.2468651451859114 0.10155749283257054
10789.956717270188 0.7367398497027662 1.2059654541432412 0.3405379300365345
10792.126349551256 2.3123938428974835 1.2077169391823397 -0.05434877545207097
10794.309354905778 4.362013320642665 1.413259989579006 -0.006367122082513567
10796.469355703874 0.040654402309471774 1.640188835119155 0.43734356399769814
10798.645858111118 2.369077242863343 1.380212921033029 0.7777939292075179
10800.833172109606 2.81776891436007 1.19984867746752 -0.36043774422130676
10802.988256055352 3.9356843519197375 1.3955536192863356 -0.30168540656766984
10805.150454696975 3.4493009690192458 1.5244639889306253 -0.3159099739208749
10807.325384313188 0.6526738074623545 1.272169639121199 0.17514215953791368
10809.497326017497 3.69821246960119 1.2599807165546693 -0.48950365582310573
10811.670685443265 2.128747271236829 1.2841260188655352 0.8425649558518626
10813.8120319614 0.5380929701426896 1.370594041404196 0.274749699359975
10816.004998958124 2.7694581764798625 1.2730472206186048 -0.08245084245193467
10818.174819992186 2.5743069496816102 1.2593285342258214 0.2176050826697264
10820.342394197893 3.284030867858886 1.2167749257571077 -0.19863044950534536
10822.503644362136 1.8880464064660614 1.2667251223238527 -0.2641910342534528
10824.690750451426 1.4759202480828348 1.2376657668173427 -0.38335102118447384
10826.853700197533 0.45731577628003395 1.2793338778393684 -0.013046345083006759
10829.016709014513 1.7480371238651784 1.4183930476933322 -0.04608301606705968
10831.19408970216 -0.10475799062914815 3.676631582904852 0.7505583577872839
10833.364915449414 8.591939224741894 12.350357807943494 0.6256406711172234
10835.534983065447 -3.5964207028052235 11.92667892468889 3.7737561308983976
10837.711851728141 4.016410355228925 2.449820397566624 -0.30447281247543945
10839.875415022343 -0.5131683505713533 2.2342877523153075 -0.015804240969212683
10842.046166266618 -0.26073187208517307 2.8512138195935224 -0.33854568480331526
10844.212508726214 3.6420098028729075 7.109275170382988 -1.7211726963708966
10846.40826134816 -0.8581761970780147 6.005734061006701 -0.7908763645037351
10848.560826831426 1.6778420708883486 1.4728826442568743 0.20702008397619004
10850.711667960422 1.7291940942322663 1.317333508001234 -0.053615075514058926
10852.897997537755 0.8306962031943147 1.4127871058697479 0.0025616428690358687
10855.066483228653 0.5724854210876383 1.7046053219385964 1.0556373289392524
10857.23241118888 1.3161812175380299 2.0133402002708958 -0.3504406024858437
10859.40569285808 1.6822684099836427 3.983297026640775 -1.4384194339318543
10861.576815337727 0.4173653523466523 2.9940917835335297 -0.032004032487804396
10863.734863037704 1.1702501062829809 1.3504966003240015 0.5634291802190403
10865.919761111772 2.695369847878277 1.2053724115074835 -0.35299252943441106
10868.077362350037 -0.09151631738036714 1.211963267426518 0.7568251940840854
10870.255201441569 1.9136300930120522 1.203252227356637 0.17644429573729467
10872.395198612046 -0.7358749376950946 1.3576126679667497 0.988933064291657
10874.612014713226 1.309930177851798 1.4510729903020385 -0.31493088716642587
10876.766859405008 0.6791587783824059 1.6566107150192784 0.3639507525895239
10878.937137786039 0.6578967343663971 2.3665582759813146 -0.03435319993234908
10881.110062596008 4.659317308964324 1.9595587593616406 -1.60483469779466
10883.281423162252 1.1107327331066714 1.2489719618044217 0.8517365749119787
10885.454453173546 0.6458307012357751 1.3024993436022327 -0.021729056224721495
10887.618314294277 3.5775399856599983 1.451456685490557 -0.38080696820807575
10889.816449261896 1.8673855964667467 1.3193123160310107 -0.04827260527661499
10891.95711894617 1.3347141537394431 1.1857705039048592 -0.05754922389204687
10894.138802358348 4.214365652383527 1.2506380621398352 -0.4193894886685728
10896.292939142579 3.615250038829653 2.2193735104259575 -1.4901078502530736
10898.467233395364 -0.2241885768753075 5.594452742491982 0.33903965396387725
10900.637701654252 -2.8125210422399136 4.029187951611922 1.7748608067602583
10902.809690893266 1.1918013842257853 1.4771813217714358 0.2935346857322112
10904.997739945144 0.7272381614188119 1.454616162100911 0.28907679458712227
10907.162737714698 1.12118334782217 1.2641936434978476 -0.20411001362807973
10909.320718052508 1.1690895557698182 1.1590794906581998 0.844889834689289
10911.495941568799 -0.19967335890685142 1.1957015456164983 0.39939304160848865
10913.65715779042 2.7072441836027252 1.2061042007570257 0.26165079284649295
10915.823997579082 1.2742157950505482 1.1993098316486106 0.19175607582251514
10917.997069961204 2.1324971808412996 1.175357684800142 -0.0487171788139542
10920.171457180639 1.1482490748683742 1.2545521743127745 -0.21783776591179974
10922.339794878522 2.678115554975424 1.902435498856218 1.2415524251592471
10924.510551961885 5.264973290707733 5.771993375914 0.5613561672859578
10926.681536960288 7.957121541999834 11.353719871540033 4.599538726512621
10928.852871995434 5.089704287075945 5.772884601599056 3.0229313929581823
10931.025004755118 3.539644371355987 1.4069534276495252 -0.16933265384661716
10933.19261716783 1.5544952934788585 1.290620678164874 -0.3818475405763922
10935.362826595707 1.4597991028989887 1.233662673439468 0.4932005853928159
10937.529410196243 0.7766003560718429 1.252304192175199 0.725982503937901
10939.704999159869 2.2184664566149315 1.1853902242405905 0.06208394968400552
10941.872979933882 0.9059658121609442 1.2162173617800958 0.7669890743605152
10944.044034766635 2.665837019447469 1.167073130706658 -0.3943448778617363
10946.212662310267 -0.055464737256130235 1.204410603079649 0.7481402096647775
10948.389073594473 2.747499193239195 1.5920784193139539 0.12614500738420908
10950.550663202592 -1.9396048199491092 5.639601816024484 1.6270336334634043
10952.724861842622 8.753180433669055 5.453462804733758 -1.2545655711338746
10954.89582156864 1.761237395915882 1.5806558705931415 -0.27963698655487
10956.992363625926 2.3292458312451525 1.417066205172285 -0.36673407538963254
10959.239491090872 1.072217472922357 1.1823436864658037 -0.050762194375567685
10961.410444469178 0.5539706301488998 1.1886128247617296 0.47225782727252313
10963.579472875876 2.346751792940348 1.2084481596748922 0.1242731008331452
10965.739204273497 2.2071511355492452 1.3745612165844658 0.0842050563315129
10967.91145707452 3.489972305569581 1.4398234628186908 -0.9902382053806748
10970.084703606268 2.1358995217565058 1.6735498719092174 0.05193825970310433
10972.257080568435 0.4786867344177815 2.2183863687257896 1.2554414387215707
10974.42824404512 -2.1134471181497707 9.955038594141183 1.8276882635104454
10976.59865422973 6.315430918982955 10.489138811350848 -3.603458690158197
10978.773323930054 1.9500719098150303 2.429665528661285 -0.47225364738063896
10980.938155898 0.2781490516581649 1.421410873620219 0.20658199281382464
10983.110199351608 2.1289079123190904 1.2685098243965232 0.627918023498922
10985.283441705926 -0.2800100917941963 1.698110313713342 -0.4173992074502037
10987.449413090946 1.6644620930145355 1.659768418091271 -0.07676543573742423
10989.656231637091 0.4091142784351566 1.2589750332181662 0.9630763124128803
10991.80873019627 1.6364939240212473 1.2097208043864076 0.39108742942697866
10993.958881532173 2.885073652308525 1.1921255013778793 0.5733180776487526
10996.135879228868 0.43059482991798553 1.167834617560955 0.27341812165203294
10998.301829889548 0.46530525353188945 1.156817935613143 0.962212275045769
11000.481703268697 1.4688017579178603 1.1647375320337146 0.027836143367037873
11002.618562477257 1.93349711590876 1.2457036194484403 0.30395881210175674
11004.810175645793 -0.4827188881664282 1.2777266393644133 0.05741654392138521
11006.984900040305 -2.236848440842309 2.3573688327560767 -0.9476454598036022
11009.156083945394 5.654627311287496 5.636863044877698 -1.8873810731958687
11011.326304911987 0.7833288993829908 3.791145979878179 1.4672797223794423
11013.493598993182 1.3029138619822296 1.2730773999726224 0.4641011213591536
11015.660806287051 1.4499566534762705 1.2370736678576482 -0.44329038302003354
11017.840281053506 2.3518475088368267 1.1895114372414881 0.17128155572591516
11020.015622175333 4.362981950964551 1.176329252735103 -0.7883664469811221
11022.176987613338 -0.05291302892616485 1.1819950886772919 -0.14129244320750745
11024.331690767805 1.5354291023200126 1.289470227225427 -0.6039994919662877
11026.527867079218 1.1844704104373485 1.6100411045648622 0.45245901412793665
11028.677020035122 1.5224144654940326 7.491046922532511 -0.4016041803002184
11030.857999553504 8.879112638626147 8.556024220867105 -3.336293790720242
11033.027984316133 3.96926143194393 2.455801381383616 -0.472794274129044
11035.191153260272 4.294714786405705 1.2693768320515044 -0.8242996319583419
11037.38724756866 3.829573432328191 1.274212881413488 -0.4952669651453082
11039.541413266974 1.7701345689607675 1.2677829506646165 -0.010096319048855816
11041.688496935663 -0.890527115568551 1.2479211868788491 -0.8664986712372535
11043.872786074975 0.2161888947537125 1.2515339960859464 0.6872948144943166
11046.043826000492 -1.7667239638403454 1.2106657629780226 1.3390931642543789
11048.217760148496 2.545619691368012 1.1442430604270397 -0.5137147959573306
11050.387048616496 3.85111209638816 1.2291795330874766 -0.5633774626811511
11052.560049592836 0.7657151315415094 1.4459946356712425 0.5235501081233437
11054.733351934256 4.132119941811314 1.8077179450754484 0.04827676949322287
11056.893392151329 2.7067359916121663 1.3851055389093379 0.18835726469741643
11059.051079913963 0.6676134725418237 1.3969483930134918 -0.17710932810855898
11061.237506737654 1.093026132716379 1.1764991846169206 -0.036820133862488814
11063.401004728554 0.08450898920217431 1.348273466310514 0.9595135351481263
11065.574840210176 0.21180572527864053 1.306818324885394 0.6456886703507911
11067.754834572272 0.7461702409967056 1.2278586493001888 0.8159201465029755
11069.918012014774 1.6112618018943567 1.8916262788101996 0.1485005509856676
11072.087663217064 4.829715907179887 4.184372579166531 0.08911335993805154
11074.256821368486 4.76329507424069 3.1881950094281466 0.00669782533783056
11076.42409727864 0.14029690715283474 1.2611967863780604 0.27529194357126224
11078.60148424779 1.2928103740224381 1.1559364124355591 -0.131194029821577
11080.76696721702 0.18035095338966084 1.172264535543647 -0.2702434365067034
11082.93592934491 1.5700103465050848 1.6082274583588476 0.4027593374843834
11085.097715944137 0.4155595252489877 1.7174741661565522 -0.2756597252112688
11087.288291063365 3.974487502130614 2.1758849184670828 -1.6719452982539673
11089.447285180348 1.241016688942458 5.954680130154823 -0.4604243968745319
11091.621924781752 -0.39123017024726103 4.968914203705719 1.652445922184294
11093.790086937557 2.8667259431515113 1.3988891279569948 -0.6603197803207556
11095.965949611136 0.18298414146546202 1.1971078307173277 0.42747381079789337
11098.120878379626 1.2170787869708914 1.1364157520503388 0.22390168850138087
11100.297019156964 1.9606546640264904 1.1444910662416359 0.38183323413139914
11102.46932549787 2.2292732011330587 1.1783630333865118 0.45094275574984294
11104.644302179415 3.1147462384352846 1.1888514737279385 0.11011180208684333
11106.798962918487 1.3601186622929478 1.1670727595689823 0.1916078520513892
11108.974722369294 2.292778931113684 1.2233679650259914 0.19708387526993515
11111.147189508598 2.3788234088499385 1.1722442161382436 -0.3427806738498738
11113.300722762375 2.7918337564367035 1.1574335503976367 -0.0276326452766874
11115.485734232854 2.186934031309352 1.1226083169140333 -0.08089335066145362
11117.647388603425 -0.5890928005315794 1.1660469237131297 0.27765945920297946
11119.834993634677 3.2974904995793963 1.1779451176171416 -0.9039483521087057
11121.992329923223 1.7030813666045421 1.2894915946088508 -0.4173309917413474
11124.159410275595 -0.7237555167445653 1.468796087144318 -0.4241900447439097
11126.304706555647 2.827924673903205 1.2432596069256954 -0.3987655865542985
11128.497769119687 3.8843749571518815 1.1229248780200414 -0.05186473330893507
11130.6686498297 -1.6054986334361712 1.0746319064801269 0.438323928283831
11132.840658895098 3.5078008905094644 1.0838578655626918 -0.249670338406695
11135.019104694467 1.6605646725102712 1.2861597323637217 0.38434457773539793
11137.177129853464 2.874159579628904 1.132739434175866 -0.5262596690860931
11139.332519759933 1.8913313845051938 2.2592020855272543 0.3217254998709573
11141.518276211462 5.975352989153189 2.86597958574135 -0.5695217584893885
11143.686288453782 2.0547844507737385 1.475466393555147 -1.0379099090844404
11145.847334682228 1.1162533705798665 1.2264512878596707 0.28135693508965137
11148.028713556909 2.559210706543672 1.1593615894313942 0.09096996787886936
11150.19001915406 3.4915923822688355 1.1016607415687174 -0.2289192534645361
11152.363168240774 0.5524724262989108 1.1529398052894906 0.4077548742279282
11154.535200455584 1.8222523973364633 2.8795365021010007 0.018786592397027797
11156.700880194661 3.2044292943575257 3.549398300226528 -0.7740489886665016
11158.872059380199 0.3448924288536642 1.6720058129818616 0.43608107791027306
11161.060713955665 1.5511038488208593 1.173693386761955 0.006485521753830315
11163.207299946715 1.2162820374702636 1.2272682553879235 -0.009924879473665939
11165.380067833003 0.08387532661486313 1.2854212669466414 0.6423744407569162
11167.548037914245 3.1627906458229873 1.257050902548786 -0.006612475972449348
11169.709345541167 1.4026207858635649 1.4431380089923729 0.03139223836302513
11171.882542729041 1.8905895442202627 1.310367375821234 -0.3165241275110324
11174.096000812318 0.299692828476667 1.2630369164839321 0.7477789027564488
11176.227677565857 1.73937631922424 1.0679725796253028 -0.24177400919542638
11178.400312712 1.2286811308594716 1.1153933046512468 -0.6164420511131992
11180.55407824657 1.451520367459542 1.1042446191649156 0.03912699720312842
11182.737795877647 -1.2769377098672898 1.0209591779543816 0.17276618392005577
11184.898455096147 3.924721800712522 1.0788083127674133 -0.22408694646831506
11187.062004820853 0.3048484982810492 1.0995335335404661 0.4115585725674157
11189.233171453716 2.560354819002099 1.0744908234776727 -0.2951572838227747
11191.403216494882 2.8089385949301025 1.0747820331073379 0.0970722213704221
11193.572191288551 0.9519179522810397 1.0413688707761195 0.052676317210025074
11195.745054786179 1.3548808086372128 1.1000080958797196 -0.018541688439450928
11197.914880187684 1.445858237996551 1.0896307516298016 -0.1640116503941921
11200.073311223647 3.047741286128444 1.041082701353146 -0.8050789513622988
11202.242334912851 1.664411449723601 1.024478891419836 0.06310786763624998
11204.427890349136 2.5338886467767185 1.0295506766875178 -0.6810499859655532
11206.561540249448 0.8833886944070057 1.1888052955452442 0.02372977676599507
11208.804886708564 0.5379336337945817 1.2031341129035498 0.7605462878744527
11210.90868457393 1.5412896381199457 1.1669444359441548 0.5829849758390645
11213.076425169245 1.9531949923358547 1.3504966229004707 -0.31978361153996193
11215.248672234045 1.7025748131449825 1.5068319111391633 -0.5814256942280804
11217.425973202886 0.4769736842221557 1.1226665770805908 -0.17416086619944016
11219.580716465629 -0.020701922895835174 0.9699353868773389 0.006326299015558306
11221.751269929266 2.361299384001876 1.020094138442615 0.18714804095158505
11223.932783174308 2.1428642536666898 1.0641503142807875 -0.5379119425680509
11226.09125005503 -2.108554535710369 1.2993612190365653 -0.10641036157661882
11228.259044639683 2.7348342908712935 1.5365053138794373 -0.4671272447044345
11230.415744216412 -1.769706522768554 1.1667615243492082 0.6850946841670407
11232.589900606725 -1.6868716044988414 1.0081227089038869 0.39544416170085894
11234.762734506054 0.18117315432890224 1.0073331196852888 -0.05771419800255881
11236.924332628012 0.33445720975046056 0.9550170422446598 -0.21570050958921494
11239.089999130485 0.3755629781260967 1.0218168719220984 0.47972952864843865
11241.260425289891 0.6414542150432627 1.028017574134523 -0.1356827526595983
11243.430707745716 1.7871257997537988 1.034065741415033 0.21623056217202832
11245.614600833256 2.5122914925893385 1.0310919891119628 -0.24404306923130512
11247.785189350248 0.7470913849118087 0.9964302892830643 0.0670322190839484
11249.939716521943 -0.14361425584605197 0.9859992050483304 0.08428875094528895
11252.050029100836 1.940627231673721 1.2378146027706054 0.14986665207576466
11254.437915823073 0.591905195711043 1.0066201325391257 -0.8061025891675401
11256.469044480647 0.9755865036976384 0.9478173582715909 0.28320881342364324
11258.655438102993 0.5217502223468341 0.9745492500245824 0.5881382707954008
11260.815984409746 0.32406913753295935 0.9819386770780235 -0.2899631290965745
11263.00092232894 -0.4205652561612608 0.9571668271617847 0.000201627694384778
11265.194071368336 -0.6018969268641844 0.9904472148707788 0.3181592662434095
11267.380916107071 -0.24708047066936242 0.9982881454075561 0.6586759552312743
11269.559907324638 2.5668400493357395 1.004682779726135 -0.27636934757447135
11271.770967536348 -0.1858918003214118 1.098092302432147 0.1492944638069289
11273.97914172998 -0.8517756893095253 1.0022627172702592 0.23721949949256405
11276.13488808295 1.2908196066502153 0.9678972445263527 0.2276262594000809
11278.372744979877 0.7143286832774003 0.983300196320697 -0.10705866125501187
11280.525041396544 -0.7139887070990967 1.0244458111124028 0.6986962388194092
11282.749591105992 -2.0912246826035723 1.174878570233106 0.08450793761840128
11284.950762308008 -0.36820600763470895 1.0325460792536216 0.18636988168133
11287.183491084963 0.8079883617179426 1.1763322063598798 -0.6888996603816654
11289.354444398894 -2.6377234680858623 1.380760889311869 1.283424754578403
11291.538393117178 0.38112841751961374 1.4082190340819662 0.013158658794747908
11293.740179115819 0.004026897872692946 1.2571684630343445 -0.4570078545331277
11295.919165181826 1.6430106717774284 1.387770643584189 -0.599672373543032
11298.100624996103 -1.2191121276643166 1.7629740754310874 0.6573935116278096
11300.281255950573 -2.0889419208827045 1.4788543155907128 1.0977878389629763
11302.451273554982 0.036510889144252684 1.0134996457806855 -0.055939602628314114
11304.630582870077 0.48157497149838085 1.280253275396927 -1.1975707520770613
11306.791527629946 1.4266683948631378 1.373580663275618 -0.023543990033858514
11308.96728463853 -0.9788253973894523 1.1755258999879967 -0.29125310423841977
11311.134106707255 -1.059627253586726 1.7943872086180939 -0.23898602783293038
11313.291017336831 -0.2100660599671446 1.8510610600283472 -0.006224358838889689
11315.475701992984 0.1208317983027812 1.096146594466566 0.023639684572773215
11317.618014144671 1.3537465270662767 1.6796718852859724 -1.1319821225832607
11319.760462063197 -2.6239188914535516 1.488129257329796 -0.0817556689653868
11321.944646718597 -0.22323218758663893 1.3551167782544515 -0.7791405974019708
11324.11352113611 0.010930628961388513 1.2400785979867137 0.6634132929870926
11326.287749459872 1.0335852598364905 0.9610655783019126 -0.5067518043949076
11328.484254960671 3.314722274488775 1.614704626458941 -0.5885192890261205
11330.612643541268 -1.5826180287810605 2.157158775480443 0.7298157848322915
11332.795787971996 0.0022082758106064786 1.686948406657609 -0.48717739940435884
11334.946988452739 0.6562855715669033 1.0305399449187391 -0.4177074035524711
11337.096825417111 1.0411564138023646 0.9500780769720568 -0.33857050275757367
11339.258440591433 0.6745539918898293 1.1349652405083959 0.45127227493109195
11341.42632899775 2.1092022017044934 2.114568943146973 -1.2083559661230023
11343.598218679484 0.8894481324451552 1.7338228149433637 -0.42116247607802726
11345.759523359917 -1.6116191667111202 0.9813539923220416 0.6107357314799207
11347.911166673115 -0.37802686251323286 0.9861018937233329 0.4394172000207564
11350.087677229512 -1.2288052632162005 1.0010988230491555 0.1449455767003649
11352.245448325819 2.042487040108254 1.5205999047705943 -0.762053893418042
11354.410260541443 -0.023818566607790283 1.5932010332956057 0.3373500821483008
11356.593297824302 -1.6572653811441533 1.0772042274260454 -0.20737452113447605
11358.7369224168 0.044143449081375095 1.1224483636587403 0.0734645278148355
11360.896821537059 -3.076383335300768 1.2544444775414907 0.10728245155841461
11363.059346645789 0.9928404157414467 1.5895884437866283 -0.06351672304836224
11365.223244838522 -2.2814180812582636 1.1872253527512648 0.6325374873852225
11367.387806975028 0.058101200200039484 0.9558674561413089 0.10711010176156671
11369.564821707392 0.4478663611495187 1.0285407365053172 0.1578189365622625
11371.731978770105 -2.6002806338560283 1.262888033945543 0.716626012342446
11373.914235766682 0.9128420233045861 1.1453671517188067 0.3666410489536171
11376.060255368868 -2.114871509190377 0.9043967865059966 1.1380614540597083
11378.285836292687 1.4948257166055108 0.9792837583461902 -0.32226878338064174
11380.470736439502 0.5269027826715321 0.9293403839153448 0.10452259384499035
11382.683662601325 1.068567638631135 0.9451770685791971 0.5744510996410935
11384.902016389859 -0.10990158167181344 0.9789051447376838 -0.07226442440203265
11387.101034113277 0.34560708309384514 1.0791767640388132 0.3458437905460251
11389.335275860643 2.296592815725468 1.1739914806032736 0.48989275253887377
11391.533975382732 -0.218829281724841 1.0270036186350742 0.20522528511867755
11393.73842967748 1.8649534326839006 0.9835185091653473 -0.13747220382019912
11395.993774304912 -2.4176728476407643 0.9967487890325374 1.0119208227800867
11398.122640963622 0.7734975586499201 0.9625098106257729 -0.1205756558829853
11400.306834674024 1.6131760278729728 0.96086845700598 -0.4425647433577894
11402.448864779386 -0.0758703290467037 1.0025128405866115 -0.5281326660677831
11404.631903947364 -0.6016904784767513 1.039598099352951 0.8028253315371228
11406.812139378364 1.8774872213656761 0.9704438677149406 -1.18217390935506
11408.971749648314 -0.5135511651087548 1.0883280244677518 -0.3633476308325289
11411.101884080783 -0.15144804724340807 1.0130546773356888 -0.03124905196290045
11413.29096060836 -0.03209097034185787 0.963858795985135 0.44423528452232186
11415.446654958569 -0.03520626405674307 0.9826290421022806 -0.3709681361892126
11417.600835345744 -1.9654235202243506 0.988099055478161 0.1486171366560129
11419.774623094147 1.7742406236791266 1.0806433894581828 -0.1083970732638975
11421.925151749361 0.9094720654488222 2.1487437437935712 0.01854565145481505
11424.080968114891 -0.03231478938752166 4.207892866861328 0.30347017454640873
11426.23842772487 2.2232515900731626 2.849354985648123 -0.8359806342415366
11428.40627166054 1.3160262220429702 1.0898926903619532 -0.07163841889002434
11430.56568266952 1.3235228163242303 1.216148255991352 0.292341313961685
11432.709638556194 4.597517951325745 2.0072961630513384 -2.1103863125360203
11434.876388043038 0.9490220928070865 2.3444892138910745 0.3991923852586368
11437.03646552071 -1.897075848857132 1.477233617815929 0.6685350804357665
11439.193097662472 0.8491218199293007 1.3966027892075397 0.053490225813562386
11441.348416083509 1.9361964847666675 1.083393844985714 -0.5184615043565305
11443.50740050532 1.1283874225203896 1.2523167835339786 0.12972639822690904
11445.663157600562 0.5899457346916035 1.1541727198357725 0.1318484985663922
11447.824854918024 -0.12267722557987998 1.5506495926142763 0.4785116695332347
11449.983636046041 0.4652823605447462 1.5244397101849683 -0.504204853147557
11452.144196780613 -0.8805742284865195 1.1111276672376238 0.6793616593708885
11454.295986313915 0.15596782914924345 1.2026095692625651 0.431994170697695
11456.463949697518 0.883535991995288 1.1023863567837084 -0.33146592477626835
11458.60828063589 -1.1358851896127702 1.0039299877817207 -0.25564762103274447
11460.767971661317 -0.8292923341902186 0.9789414190209326 -0.10433455341630848
11462.921311473458 0.21256259772557318 0.9894596573073285 0.10158426028271805
11465.085511942943 0.13831158842859712 1.0708164598500631 0.9804143712126729
11467.23497836065 0.7257772642147824 1.1818156735117893 -0.4003428659176491
11469.388174345157 -1.2584304802310176 1.053897068179585 0.029431642120292142
11471.535444617502 0.2674498430544982 0.9811107540683935 0.5803663918666099
11473.70137132328 0.4441821839041248 0.9874065169921127 -0.31704947173021764
11475.877709012311 2.6325720022791135 1.007863254804167 -0.4361972631286852
11478.04244605006 3.4759268547269984 0.9872341333648004 -0.35000393238425825
11480.21747510322 1.8543574745293208 1.0233565304769423 0.11914745250850203
11482.401825665569 1.451345370428522 0.9554522676426732 -0.08011369809828453
11484.649573945808 2.9961666937021083 0.977560891469982 0.2927654159244826
11486.878337524915 3.707794829167825 0.9996071835422977 0.19947074269209053
11489.092966897419 1.4520361713339678 1.7217887623964803 0.6107520592390273
11491.338685839019 0.5643642680874116 2.0565377158183766 0.3709411642891629
11493.540514659448 -2.399372340045771 1.108650992967091 0.5675753884549548
11495.730909789605 0.07763189475744081 1.0681367629364147 0.18425626209981727
11497.940916888965 0.6902277458195074 0.9616846030878746 0.44619691210433154
11500.096414122107 0.7579988121261217 0.983250976953297 -0.28981408117283397
11502.288815737542 1.7615356963039528 1.2283681944736298 -0.3045486542347418
11504.411548986098 0.42968929184733556 0.9903574934001953 0.4835991302079149
11506.548815679462 0.12632998216407637 0.9869882188652183 -0.1573089474660209
11508.728279771467 0.9510299302251177 0.9761320701488196 -0.06980593361626215
11510.866689672757 -0.3393570752333061 0.9872237713018789 -0.3804498896647651
11513.020827186638 1.5605480595870531 0.9949540006012549 -0.175300585348296
11515.173403224791 1.1092181243110908 1.5439562591044034 0.4970582606538469
11517.331708788357 -2.016609032228028 3.6266098341571276 -0.16032497919251743
11519.485630552479 4.621357570093373 2.726882313681081 -0.4892938847293383
11521.608238127294 -0.4393565710076653 1.0829522810448464 -0.15077431771959163
11523.819098449527 0.8320328030138371 0.9883992433499624 -0.43125611399092145
11525.9714389477 2.2557190330511445 0.9885361529538895 -1.0374484701343343
11528.143805513533 -0.6873615259999525 0.9433914203433187 0.7101608490093894
11530.3383660557 0.6478292398419659 1.0136181098822068 -0.45101720043152904
11532.598309079085 1.9764784015585983 1.0447415770498876 -0.425570800695206
11534.879284795532 2.2346411968429774 1.1088740218521294 -0.81946288292546
11537.105321963987 0.0202718995131532 1.0143100431974907 0.05269542182368055
11539.312389650187 0.31699142417946313 0.9723300676547342 -0.2744749290115669
11541.504989379713 0.7632838453812705 1.373277712666025 -0.029780239122993147
11543.660507278299 -1.8211440427078107 2.496025262946479 -0.091699676458209
11545.809424712814 1.3092553544159162 1.7197388163267686 -0.5494490600584214
11547.908904772732 -0.6061169513635136 0.9777271632901287 1.079715235602253
11550.120842928256 0.16811533940182863 1.0562614700902155 0.17043548850999632
11552.255179627862 -0.37730005817763823 1.0205770716332085 0.24748564597411613
11554.437469127506 -0.8688255005560879 1.211063718817791 -0.24122181557206646
11556.656400702163 -1.0326859753813618 1.087060354282451 0.7567703127902342
11558.680498241734 -0.22849736335540352 1.0310297488542095 -0.395280157316825
11560.834603524694 -1.4665993475972054 1.0314378443758299 0.7419365992291286
11563.00699364371 -1.2716840295425196 1.1174100609820676 1.2895610152820953
11565.142149220981 -1.2917829952923774 2.9532062773108008 -0.07523250149828188
11567.297760317964 2.3168243596963216 3.8063348290159507 0.3656002869580807
11569.43186570857 0.1992645622974818 1.5431216063423745 0.5118670820147082
11571.57177012998 -1.1339042694075274 1.1008828650590718 0.13372743800971804
11573.754854327097 0.07956013077867387 1.0299616498569004 0.06016333448252148
11575.859847695116 -0.46361968910799106 1.020811006248357 0.47448912098544177
11578.011693186247 0.17553273174335057 1.025880746408699 -0.47880624362570084
11580.163405248411 0.08963015509949163 1.0003727924582224 -0.20487087185127167
11582.317747661127 -0.4138946467824783 0.963191377820183 0.5012234831115787
11584.467447772136 0.17216303381425588 1.0050687280841624 0.638727920318147
11586.645732722973 0.21443966027243747 1.0154710018322142 0.06763784657477438
11588.864921570643 1.0075003060763554 1.01926856595038 0.3810510032275202
11591.126828207643 1.5605295071903569 1.0013909816684978 -0.5738964367758089
11593.389971207755 2.471391359760321 1.0201673908002706 -0.39433175844158597
11595.627420529763 1.355971905130515 1.6347668472206536 -0.10764677924347484
11597.835351330876 -0.9680428755808483 2.643074467833169 0.5291436653698094
11600.008416326853 2.0568296947608324 2.2606930145493247 -0.2783562799534712
11602.16488231162 -2.5400473516924076 3.3624540546879804 -0.07917561168879889
11604.312788026478 1.077605712165477 3.066213198772258 0.17189733112395839
11606.450633163398 2.8627121477443485 1.7911783818578864 -0.12199103848860905
11608.592902265045 1.0197694563036184 1.2517810268496081 -0.4280604844303193
11610.738004732251 -0.4251452492935381 1.0178129622151963 -0.2059531280618464
